8.460000000000023E-4 7.460000000000023E-4
0.0036040000000001422 0.0035040000000001316
0.006098000000000473 0.005998000000000462
0.008129000000000467 0.008029000000000544
0.010314999999998862 0.010214999999998938
0.012432999999997306 0.012332999999997383
0.014463999999995814 0.01436399999999589
0.016478999999995813 0.016378999999995716
0.018528999999997863 0.018428999999997767
0.020570999999999905 0.02047099999999981
0.022611000000001946 0.02251100000000185
0.024658000000003993 0.024558000000003896
0.026683000000006018 0.02658300000000592
